0,5,捕時機<>TN,15,1,
0,6,捕時機<>TO,15,1,
0,15,子彈<>Y,15,1,
0,7,水<>HH,25,6,
0,2,地雷<>TN,20,1,
0,5,地雷<>TO,20,1,
1,11,捕時機<>TN,10,1,
1,13,子彈<>Y,5,1,
1,8,水<>HH,15,1,
1,1,地雷<>TN,8,1,
1,1,地雷<>TO,8,1,
2,2,石塊<>WC,1,1,
2,1,菜刀<>WN,5,20,
2,1,玻璃杯<>WC,10,1,
2,1,縫紉工具<>Y,3,1,
2,1,縫紉工具<>Y,5,1,
2,1,縫紉工具<>Y,10,1,
2,1,碟子<>WC,10,1,
2,1,鍋<>WC,10,1,
2,1,玻璃<>WC,10,1,
2,1,電視<>WC,20,1,
2,1,桌子<>WC,20,1,
2,1,架子<>WC,15,1,
2,1,家傳寶刀<>WN,25,1,
2,11,空瓶子<>WC,2,1,
2,2,碟子<>WC,10,1,
2,5,玻璃杯<>WC,10,1,
2,4,玻璃<>WC,10,1,
2,4,鍋<>WC,10,1,
2,4,菜刀<>WNC,15,∞,
2,7,空瓶子<>WC,1,1,
2,5,磨刀石<>Y,1,1,
2,5,磨刀石<>Y,3,1,
2,5,磨刀石<>Y,5,1,
3,10,鋼琴線<>TN,8,1,
3,10,鋼琴線<>TO,8,1,
3,6,箭<>Y,12,1,
4,6,鋼琴線<>TN,8,1,
4,7,地雷<>TN,8,1,
4,7,地雷<>TO,8,1,
5,5,電池<>Y,1,1,
5,3,防火衣服<>DBA,15,20,
5,10,水<>HH,15,1,
5,3,防火頭盔<>DH,3,10,
5,4,地雷<>TN,8,1,
5,4,地雷<>TO,8,1,
6,1,觀音菩薩像<>WB,5,∞,
6,4,袈裟<>DBN,10,25,
6,1,閻王像<>WB,7,∞,
6,1,阿修羅像<>WB,10,∞,
6,1,地藏王菩薩像<>WB,8,∞,
6,6,地雷<>TN,8,1,
6,6,主祭的服裝<>DBN,10,15,
7,20,水<>HH,15,1,
7,3,地雷<>TN,8,1,
7,3,地雷<>TO,8,1,
8,2,神簽<>Y,1,1,
8,9,神簽<>Y,1,1,
8,3,地雷<>TN,8,1,
8,3,地雷<>TO,8,1,
8,10,石塊<>WC,1,1,
9,1,菜刀<>WNC,15,∞,
9,5,玻璃杯<>WC,10,1,
9,1,碟子<>WC,10,1,
9,1,鍋<>WC,10,1,
9,5,玻璃<>WC,10,1,
9,1,電視<>WC,20,1,
9,1,桌子<>WC,20,1,
9,1,架子<>WC,15,1,
9,1,家傳寶刀<>WNC,25,∞,
9,1,肥料<>Y,1,1,
9,2,碟子<>WC,10,1,
9,1,穀物<>SH,10,1,
9,1,山藥<>SH,10,1,
9,1,馬鈴薯<>SH,10,1,
9,1,牛蒡<>SH,10,1,
9,1,胡蘿蔔<>SH,10,1,
9,1,洋蔥<>SH,10,1,
9,1,蒜<>SH,10,1,
9,1,紅椒<>SH,10,1,
9,4,鍋<>WC,10,1,
9,5,菜刀<>WNC,15,∞,
9,3,磨刀石<>Y,2,1,
9,3,磨刀石<>Y,4,1,
9,3,磨刀石<>Y,6,1,
10,1,鎬頭<>WC,15,∞,
10,1,鐵鍬<>WCB,10,∞,
10,3,鏟<>WCB,5,∞,
10,3,工作用頭盔<>DH,4,10,
10,3,工作服<>DBN,10,10,
10,20,岩石<>WC,10,1,
11,2,釘<>Y,1,1,
11,5,電單車頭盔<>DH,5,10,
11,2,石塊<>WC,1,1,
11,3,釘<>Y,4,1,
11,3,釘<>Y,1,1,
11,3,釘<>Y,2,1,
11,3,釘<>Y,3,1,
12,10,石塊<>WC,1,1,
12,1,菜刀<>WNC,15,∞,
12,1,玻璃杯<>WC,10,1,
12,1,碟子<>WC,10,1,
12,1,鍋<>WC,10,1,
12,1,玻璃<>WC,10,1,
12,1,電視<>WC,20,1,
12,1,桌子<>WC,20,1,
12,1,縫紉工具<>Y,3,1,
12,1,縫紉工具<>Y,5,1,
12,1,縫紉工具<>Y,10,1,
12,1,架子<>WC,15,1,
12,2,碟子<>WC,10,1,
12,5,空瓶子<>WC,2,1,
12,7,空罐<>WC,2,1,
12,4,玻璃杯<>WC,10,1,
12,4,玻璃<>WC,10,1,
12,1,咖喱粉<>SH,10,1,
12,1,醬油<>SH,10,1,
12,1,調味汁<>SH,10,1,
12,4,鍋<>WC,10,1,
12,5,菜刀<>WNC,15,∞,
12,10,磨刀石<>Y,1,10,
13,1,木魚<>WC,1,1,
13,8,墓碑牌<>WB,4,1,
13,10,石塊<>WC,1,1,
14,6,鉛筆<>WC,2,∞,
14,5,橡皮擦<>WC,1,1,
14,4,燒瓶<>WC,3,1,
14,3,拖把<>WB,8,1,
14,6,治傷藥<>HH,40,1,
14,4,黑板擦<>WC,2,1,
14,1,白色粉筆<>WC,2,1,
14,1,紅色粉筆<>WC,2,1,
14,1,黃色粉筆<>WC,2,1,
14,1,綠色粉筆<>WC,2,1,
14,1,茶色粉筆<>WC,2,1,
14,1,人體模型<>WB,3,∞,
14,1,巨大三角板<>WB,4,∞,
14,1,巨大圓規<>WB,4,∞,
14,1,椅子<>WB,4,∞,
15,10,驅魔箭<>Y,5,1,
15,20,神簽<>Y,1,1,
16,1,鐮刀<>WN,15,1,
17,30,水<>HH,15,1,
18,1,菜刀<>WNC,15,∞,
18,1,玻璃杯<>WC,10,1,
18,8,果汁沖劑<>HH,3,1,
18,1,碟子<>WC,10,1,
18,1,鍋<>WC,10,1,
18,1,玻璃<>WC,10,1,
18,1,電視<>WC,20,1,
18,1,桌子<>WC,20,1,
18,1,架子<>WC,15,1,
18,2,碟子<>WC,10,1,
18,5,玻璃杯<>WC,10,1,
18,5,玻璃<>WC,10,1,
18,4,鍋<>WC,10,1,
18,5,菜刀<>WNC,15,∞,
18,8,磨刀石<>Y,1,1,
19,20,治傷藥<>HH,40,1,
19,3,白衣<>DBN,10,20,
19,30,營養飲料<>SH,50,1,
20,15,煮過的菜<>SD,25,1,
20,15,煮過的菜<>SH,25,1,
21,4,捕時機<>TN,10,1,
21,8,捕時機<>TO,10,1,
21,20,子彈<>Y,5,1,
21,10,水<>HH,15,1,
21,4,地雷<>TN,8,1,
21,4,地雷<>TO,8,1,
99,10,子彈<>Y,5,1,
99,10,水<>HH,15,1,
99,1,火繩鎗<>WGB,20,0,
99,1,護甲<>DBA,20,20,
99,1,連環甲<>DBC,18,20,
99,1,盔<>DH,8,20,
99,1,名刀正宗<>WNC,25,∞,
99,1,和弓<>WAB,18,0,
99,1,家傳寶刀<>WNC,25,∞,
99,1,家傳護甲<>DBA,25,20,
0,0,<--特別道具-->,,,
99,1,雷達<>R2,1,∞,
99,6,磨刀石<>Y,1,1,
99,10,解毒劑<>Y,1,1,
99,20,毒藥<>Y,1,1,
99,10,電池<>Y,1,1,
99,10,輕油<>Y,1,1,
99,10,肥料<>Y,1,1,
99,10,汽油<>Y,1,1,
99,10,信管<>Y,1,1,
99,10,煮食爐<>Y,1,1,
99,10,空瓶子<>Y,1,1,
99,9,導火線<>Y,1,1,
99,8,打火機<>Y,1,1,
99,2,力書<>Y,1,1,
99,4,手提電話<>Y,1,1,
0,0,<--特殊道具-->,☆-增強的武器，★-強化的武器，■-最強武器,
99,1,☆協差陽光☆<>WK,30,1,
99,1,☆日本刀☆<>WK,40,1,
99,1,☆秘劍月光☆<>WK,42,1,
99,1,☆三村式爆彈☆<>WC,40,3,
99,1,☆平家寶刀小鳥☆<>WK,32,1,
99,1,☆黃金軍刀☆<>WB,32,1,
99,1,☆魔劍八岐大蛇☆<>WK,32,2,
99,1,☆名刀壓刀☆<>WK,35,1,
99,1,☆大和介正光☆<>WK,32,1,
99,1,☆近景☆<>WK,35,1,
99,1,☆土佐吉行☆<>WK,42,2,
99,1,☆黃金開山刀☆<>WK,35,1,
99,1,☆妖刀道真☆<>WK,42,1,
99,1,☆秘劍燕子尾☆<>WK,42,1,
99,1,☆39式步鎗☆<>WG,53,5,
99,1,☆S&W M19．357麥林手鎗☆<>WG,55,0,
99,1,☆S&W 38口徑麥林手鎗☆<>WG,50,0,
99,1,☆38口徑麥林手鎗☆<>WG,50,0,
99,1,☆9mm口徑手鎗☆<>WG,50,0,
99,1,★橙色花紋金象嵌火繩鎗★<>WG,60,1,
99,1,★IMI輕機鎗★<>WG,75,6,
99,1,★散彈鎗★<>WG,60,2,
99,1,★M10輕機鎗★<>WG,66,0,
99,1,★P-90強力輕機鎗★<>WG,80,0,
99,1,★PPK9毫米手鎗★<>WG,78,0,
99,1,★M92F型手鎗★<>WG,75,0,
99,1,★強化軍刀★<>WK,60,∞,
99,1,★38口徑柯爾特式自動手鎗★<>WG,70,0,
99,1,★9mm口徑自動步鎗★<>WG,80,0,
99,1,★P230 9mm口徑強化手鎗★<>WG,77,0,
99,1,★45口徑強化手鎗★<>WG,80,0,
99,1,■試作型粒子激光鎗■<>WG,100,0,
0,0,<--防具系統-->,,,
99,3,抗彈盾<>DA,5,5,
99,3,被沾上血的盾<>DA,7,5,
99,2,☆阿修羅的籠手☆<>DA,10,5,
99,3,軍服<>DB,15,15,
99,3,圍裙<>DB,5,15,
99,3,工作衣服<>DB,10,15,
99,3,巫女服裝<>DB,10,15,
99,3,迷彩服裝<>DB,15,15,
99,3,裝甲<>DB,20,10,
99,2,☆幪面超人服裝☆<>DB,25,15,
99,2,☆源氏的鎧甲☆<>DB,20,25,
99,2,☆深紅的水兵服☆<>DB,20,20,
99,2,☆纖維服裝☆<>DB,20,25,
99,3,草帽<>DH,5,5,
99,3,帽子<>DH,3,5,
99,3,頭巾<>DH,3,5,
99,1,防災頭巾<>DH,3,10,
99,2,☆眼罩☆<>DH,5,15,
99,2,☆兔耳頭飾☆<>DH,10,5,
99,2,☆日輪三日月前立黑漆盔☆<>DH,15,5,
99,2,☆軍用頭盔☆<>DH,10,5,
99,3,輕便運動鞋<>DF,5,5,
99,3,滑板<>DF,5,5,
99,3,高跟鞋<>DF,5,5,
99,3,跑步鞋<>DF,5,5,
99,3,扣殺<>DF,5,5,
99,2,☆幸福的鞋☆<>DF,10,5,
99,2,☆Roller鞋☆<>DF,5,10,
99,2,☆BR長筒皮靴☆<>DF,10,10,
99,2,☆黑漆器法二枚胴具足☆<>DF,10,5,
99,2,☆黑川威肩紫紅系胴丸☆<>DB,50,15,
